 plot '-' with lines
   1.0000000000000000       -7.2481338595534683E-002
   2.0000000000000000       -7.2465056253971247E-002
   3.0000000000000000       -7.2448798848682633E-002
   4.0000000000000000       -7.2432566399404222E-002
   5.0000000000000000       -7.2416358925915220E-002
   6.0000000000000000       -7.2400176448038644E-002
   7.0000000000000000       -7.2384018985641438E-002
   8.0000000000000000       -7.2367886558634631E-002
   9.0000000000000000       -7.2351779186973261E-002
   10.000000000000000       -7.2335696890656637E-002
   11.000000000000000       -7.2319639689728238E-002
   12.000000000000000       -7.2303607604275968E-002
   13.000000000000000       -7.2287600654432210E-002
   14.000000000000000       -7.2271618860373671E-002
   15.000000000000000       -7.2255662242321772E-002
   16.000000000000000       -7.2239730820542664E-002
   17.000000000000000       -7.2223824615347265E-002
   18.000000000000000       -7.2207943647091238E-002
   19.000000000000000       -7.2192087936175237E-002
   20.000000000000000       -7.2176257503044905E-002
   21.000000000000000       -7.2160452368191103E-002
   22.000000000000000       -7.2144672552149791E-002
   23.000000000000000       -7.2128918075502202E-002
   24.000000000000000       -7.2113188958874891E-002
   25.000000000000000       -7.2097485222939989E-002
   26.000000000000000       -7.2081806888415062E-002
   27.000000000000000       -7.2066153976063335E-002
   28.000000000000000       -7.2050526506693691E-002
   29.000000000000000       -7.2034924501160918E-002
   30.000000000000000       -7.2019347980365508E-002
   31.000000000000000       -7.2003796965254122E-002
   32.000000000000000       -7.1988271476819354E-002
   33.000000000000000       -7.1972771536099933E-002
   34.000000000000000       -7.1957297164180908E-002
   35.000000000000000       -7.1941848382193613E-002
   36.000000000000000       -7.1926425211315703E-002
   37.000000000000000       -7.1911027672771494E-002
   38.000000000000000       -7.1895655787831775E-002
   39.000000000000000       -7.1880309577814036E-002
   40.000000000000000       -7.1864989064082591E-002
   41.000000000000000       -7.1849694268048492E-002
   42.000000000000000       -7.1834425211169853E-002
   43.000000000000000       -7.1819181914951818E-002
   44.000000000000000       -7.1803964400946552E-002
   45.000000000000000       -7.1788772690753594E-002
   46.000000000000000       -7.1773606806019685E-002
   47.000000000000000       -7.1758466768439028E-002
   48.000000000000000       -7.1743352599753257E-002
   49.000000000000000       -7.1728264321751639E-002
   50.000000000000000       -7.1713201956271136E-002
   51.000000000000000       -7.1698165525196464E-002
   52.000000000000000       -7.1683155050460190E-002
   53.000000000000000       -7.1668170554042843E-002
   54.000000000000000       -7.1653212057973023E-002
   55.000000000000000       -7.1638279584327488E-002
   56.000000000000000       -7.1623373155231165E-002
   57.000000000000000       -7.1608492792857359E-002
   58.000000000000000       -7.1593638519427849E-002
   59.000000000000000       -7.1578810357212919E-002
   60.000000000000000       -7.1564008328531326E-002
   61.000000000000000       -7.1549232455750761E-002
   62.000000000000000       -7.1534482761287571E-002
   63.000000000000000       -7.1519759267607119E-002
   64.000000000000000       -7.1505061997223646E-002
   65.000000000000000       -7.1490390972700532E-002
   66.000000000000000       -7.1475746216650496E-002
   67.000000000000000       -7.1461127751735312E-002
   68.000000000000000       -7.1446535600666231E-002
   69.000000000000000       -7.1431969786204100E-002
   70.000000000000000       -7.1417430331159243E-002
   71.000000000000000       -7.1402917258391624E-002
   72.000000000000000       -7.1388430590811111E-002
   73.000000000000000       -7.1373970351377353E-002
   74.000000000000000       -7.1359536563099984E-002
   75.000000000000000       -7.1345129249038797E-002
   76.000000000000000       -7.1330748432303678E-002
   77.000000000000000       -7.1316394159240876E-002
   78.000000000000000       -7.1302066701812189E-002
   79.000000000000000       -7.1287766307292777E-002
   80.000000000000000       -7.1273492996525092E-002
   81.000000000000000       -7.1259246790395428E-002
   82.000000000000000       -7.1245027709834180E-002
   83.000000000000000       -7.1230835775815682E-002
   84.000000000000000       -7.1216671009358662E-002
   85.000000000000000       -7.1202533431525772E-002
   86.000000000000000       -7.1188423063424239E-002
   87.000000000000000       -7.1174339926205643E-002
   88.000000000000000       -7.1160284041065974E-002
   89.000000000000000       -7.1146255429245797E-002
   90.000000000000000       -7.1132254112030280E-002
   91.000000000000000       -7.1118280110749471E-002
   92.000000000000000       -7.1104333446777995E-002
   93.000000000000000       -7.1090414141535496E-002
   94.000000000000000       -7.1076522216486610E-002
   95.000000000000000       -7.1062657693140907E-002
   96.000000000000000       -7.1048820593053119E-002
   97.000000000000000       -7.1035010937823273E-002
   98.000000000000000       -7.1021228749096471E-002
   99.000000000000000       -7.1007474048563474E-002
   100.00000000000000       -7.0993746857960255E-002
   101.00000000000000       -7.0980047199068391E-002
   102.00000000000000       -7.0966375093715117E-002
   103.00000000000000       -7.0952730563773381E-002
   104.00000000000000       -7.0939113631161899E-002
   105.00000000000000       -7.0925524317845129E-002
   106.00000000000000       -7.0911962645833659E-002
   107.00000000000000       -7.0898428637183986E-002
   108.00000000000000       -7.0884922313998816E-002
   109.00000000000000       -7.0871443698426989E-002
   110.00000000000000       -7.0857992812663695E-002
   111.00000000000000       -7.0844569678950420E-002
   112.00000000000000       -7.0831174319575169E-002
   113.00000000000000       -7.0817806756872381E-002
   114.00000000000000       -7.0804467013223307E-002
   115.00000000000000       -7.0791155111055715E-002
   116.00000000000000       -7.0777871072844320E-002
   117.00000000000000       -7.0764614921110608E-002
   118.00000000000000       -7.0751386678423137E-002
   119.00000000000000       -7.0738186367397371E-002
   120.00000000000000       -7.0725014010696141E-002
   121.00000000000000       -7.0711869631029253E-002
   122.00000000000000       -7.0698753251154017E-002
   123.00000000000000       -7.0685664893875039E-002
   124.00000000000000       -7.0672604582044440E-002
   125.00000000000000       -7.0659572338562002E-002
   126.00000000000000       -7.0646568186375047E-002
   127.00000000000000       -7.0633592148478724E-002
   128.00000000000000       -7.0620644247915990E-002
   129.00000000000000       -7.0607724507777733E-002
   130.00000000000000       -7.0594832951202890E-002
   131.00000000000000       -7.0581969601378511E-002
   132.00000000000000       -7.0569134481539744E-002
   133.00000000000000       -7.0556327614970160E-002
   134.00000000000000       -7.0543549025001623E-002
   135.00000000000000       -7.0530798735014485E-002
   136.00000000000000       -7.0518076768437687E-002
   137.00000000000000       -7.0505383148748713E-002
   138.00000000000000       -7.0492717899473853E-002
   139.00000000000000       -7.0480081044188306E-002
   140.00000000000000       -7.0467472606515980E-002
   141.00000000000000       -7.0454892610130021E-002
   142.00000000000000       -7.0442341078752496E-002
   143.00000000000000       -7.0429818036154779E-002
   144.00000000000000       -7.0417323506157509E-002
   145.00000000000000       -7.0404857512630648E-002
   146.00000000000000       -7.0392420079493645E-002
   147.00000000000000       -7.0380011230715564E-002
   148.00000000000000       -7.0367630990315067E-002
   149.00000000000000       -7.0355279382360553E-002
   150.00000000000000       -7.0342956430970327E-002
   151.00000000000000       -7.0330662160312599E-002
   152.00000000000000       -7.0318396594605537E-002
   153.00000000000000       -7.0306159758117548E-002
   154.00000000000000       -7.0293951675167207E-002
   155.00000000000000       -7.0281772370123369E-002
   156.00000000000000       -7.0269621867405346E-002
   157.00000000000000       -7.0257500191482886E-002
   158.00000000000000       -7.0245407366876358E-002
   159.00000000000000       -7.0233343418156874E-002
   160.00000000000000       -7.0221308369946292E-002
   161.00000000000000       -7.0209302246917349E-002
   162.00000000000000       -7.0197325073793795E-002
   163.00000000000000       -7.0185376875350355E-002
   164.00000000000000       -7.0173457676413087E-002
   165.00000000000000       -7.0161567501859201E-002
   166.00000000000000       -7.0149706376617271E-002
   167.00000000000000       -7.0137874325667399E-002
   168.00000000000000       -7.0126071374041282E-002
   169.00000000000000       -7.0114297546822121E-002
   170.00000000000000       -7.0102552869144991E-002
   171.00000000000000       -7.0090837366196784E-002
   172.00000000000000       -7.0079151063216494E-002
   173.00000000000000       -7.0067493985494875E-002
   174.00000000000000       -7.0055866158375113E-002
   175.00000000000000       -7.0044267607252492E-002
   176.00000000000000       -7.0032698357574710E-002
   177.00000000000000       -7.0021158434841885E-002
   178.00000000000000       -7.0009647864606728E-002
   179.00000000000000       -6.9998166672474521E-002
   180.00000000000000       -6.9986714884103449E-002
   181.00000000000000       -6.9975292525204416E-002
   182.00000000000000       -6.9963899621541314E-002
   183.00000000000000       -6.9952536198931159E-002
   184.00000000000000       -6.9941202283244047E-002
   185.00000000000000       -6.9929897900403395E-002
   186.00000000000000       -6.9918623076385952E-002
   187.00000000000000       -6.9907377837221923E-002
   188.00000000000000       -6.9896162208995097E-002
   189.00000000000000       -6.9884976217842981E-002
   190.00000000000000       -6.9873819889956820E-002
   191.00000000000000       -6.9862693251581717E-002
   192.00000000000000       -6.9851596329016788E-002
   193.00000000000000       -6.9840529148615257E-002
   194.00000000000000       -6.9829491736784488E-002
   195.00000000000000       -6.9818484119986160E-002
   196.00000000000000       -6.9807506324736396E-002
   197.00000000000000       -6.9796558377605844E-002
   198.00000000000000       -6.9785640305219637E-002
   199.00000000000000       -6.9774752134257823E-002
 e
